38522 Aradi 1 180 18000
86379 Aradi 2 64 6400
79906 Aradi 3 123 12300
92210 Aradi 4 152 15200
49812 Aradi 5 154 15400
26753 Aradi 6 231 23100
97969 Aradi 7 80 8000
33366 Aradi 8A 180 18000
22510 Aradi 8B 137 13700
90561 Aradi 10 168 16800
59966 Aradi 11 297 29700
41456 Aradi 12 246 24600
45156 Aradi 13 282 28200
76032 Aradi 14 120 12000
79028 Aradi 15 213 21300
21210 Aradi 16 277 27700
76500 Aradi 17 151 15100
38722 Aradi 18 147 14700
29556 Aradi 19 139 13900
42220 Aradi 20A 90 9000
42220 Aradi 20B 90 9000
66550 Aradi 22 147 14700
90844 Besztercei 1 120 96000
78384 Besztercei 2 81 64800
29279 Besztercei 3 88 70400
18167 Besztercei 4 176 140800
72311 Besztercei 5 187 149600
15974 Besztercei 6 193 154400
82049 Besztercei 7A 60 48000
76469 Besztercei 7B 60 48000
29487 Besztercei 8 85 68000
26395 Besztercei 9 153 122400
39637 Besztercei 10 49 39200
97723 Besztercei 11 188 150400
84103 Besztercei 12 56 33600
19516 Besztercei 14 48 28800
65118 Besztercei 15A 80 64000
65118 Besztercei 15B 80 64000
74853 Besztercei 16 640 384000
76092 Besztercei 17 175 140000
86861 Besztercei 18 282 225600
98489 Besztercei 19 105 84000
15095 Besztercei 20 110 88000
31231 Besztercei 21 161 128800
34233 Egyenes 1 217 130200
39499 Egyenes 3 209 125400
53972 Egyenes 5 240 144000
50050 Egyenes 7 145 87000
21929 Egyenes 9 168 100800
87586 Egyenes 11 249 149400
47026 Egyenes 13 105 63000
58059 Egyenes 15 96 57600
43181 Egyenes 17 196 117600
17487 Egyenes 19 199 119400
85448 Egyenes 21 118 70800
65118 Egyenes 23 221 132600
42848 Egyenes 25 120 72000
50751 Egyenes 27 120 72000
24510 Egyenes 29 72 43200
58259 Egyenes 31 218 130800
17219 Egyenes 33 229 137400
23530 Egyenes 35 186 111600
51751 Egyenes 37 116 69600
30893 Egyenes 39 80 48000
95959 Eperjesi 1A 60 48000
82851 Eperjesi 1B 60 48000
40406 Eperjesi 1C 60 48000
54361 Eperjesi 2 196 156800
40830 Eperjesi 4 77 61600
48665 Eperjesi 5A 60 48000
35968 Eperjesi 5B 60 48000
33929 Eperjesi 6 120 96000
85799 Eperjesi 7 218 174400
12905 Eperjesi 8 68 54400
55384 Eperjesi 9 158 126400
35523 Eperjesi 10 166 132800
42603 Eperjesi 11 360 288000
77863 Eperjesi 12 184 147200
55311 Eperjesi 13 70 56000
62636 Eperjesi 14 46 36800
36372 Eperjesi 16 158 126400
42357 Eperjesi 17 266 212800
43023 Eperjesi 18 96 76800
95718 Eperjesi 19 120 96000
31996 Gerle 1 216 21600
90017 Gerle 2 68 6800
94360 Gerle 3 163 16300
51977 Gerle 4 110 11000
78743 Gerle 5 135 13500
54785 Gerle 6 140 14000
66477 Gerle 7 121 12100
37891 Gerle 8 183 18300
99795 Gerle 9 45 4500
44038 Gerle 10 160 16000
83397 Gerle 11 111 11100
20000 Gerle 12 209 20900
24151 Gerle 13 161 16100
64784 Gerle 14 160 16000
55875 Gerle 15 290 29000
90151 Gerle 16 285 28500
61596 Gerle 17 266 26600
18134 Gerle 18 60 6000
79263 Gerle 19 155 15500
18949 Gerle 20 205 20500
59222 Gerle 21 249 24900
10988 Gerle 22 160 16000
41894 Gerle 23 112 11200
81381 Gerle 24 179 17900
32014 Gyurgyalag 1 103 82400
93340 Gyurgyalag 2 224 134400
18529 Gyurgyalag 3 271 216800
58151 Gyurgyalag 4 251 150600
72172 Gyurgyalag 5 211 168800
91330 Gyurgyalag 6 42 25200
66772 Gyurgyalag 7 159 127200
60822 Gyurgyalag 8A 80 48000
60822 Gyurgyalag 8B 80 48000
65151 Gyurgyalag 9 60 48000
10507 Gyurgyalag 10 210 126000
60822 Gyurgyalag 11A 80 64000
60822 Gyurgyalag 11B 80 64000
76050 Gyurgyalag 12 132 79200
54400 Gyurgyalag 14 159 95400
91608 Gyurgyalag 15A 80 64000
76707 Gyurgyalag 15B 80 64000
21781 Gyurgyalag 16 267 160200
66750 Gyurgyalag 17A 80 64000
57189 Gyurgyalag 17B 80 64000
69117 Gyurgyalag 18 158 94800
59646 Harmat 2 260 26000
12928 Harmat 3 260 26000
66676 Harmat 4 214 21400
29682 Harmat 5 131 13100
20743 Harmat 6 44 4400
20137 Harmat 7 157 15700
68361 Harmat 8 219 21900
40461 Harmat 9 189 18900
58029 Harmat 10 65 6500
93456 Harmat 11 137 13700
40585 Harmat 12 178 17800
81223 Harmat 14A 112 11200
98137 Harmat 14B 112 11200
34335 Harmat 15 200 20000
51673 Harmat 16 189 18900
53590 Harmat 17 262 26200
65864 Harmat 18 249 24900
96867 Harmat 19 161 16100
84496 Harmat 20 54 5400
55715 Harmat 21 209 20900
68396 Harmat 22 98 9800
60822 Harmat 23 251 25100
84317 Harmat 24 148 14800
56255 Harmat 25 111 11100
77577 Harmat 26 166 16600
73907 Harmat 27 145 14500
10388 Harmat 28 220 22000
46422 Harmat 29 222 22200
44777 Harmat 30 155 15500
28686 Harmat 32 176 17600
93601 Icce 1 251 150600
73760 Icce 2 218 130800
38317 Icce 3 130 78000
48143 Icce 4 162 97200
46063 Icce 5 222 133200
90193 Icce 6 257 154200
66343 Icce 7 235 141000
34846 Icce 8 153 91800
99986 Icce 9 253 151800
80427 Icce 10 146 87600
11105 Icce 11 89 53400
80744 Icce 12 79 47400
69089 Icce 14 219 131400
44774 Icce 16 163 97800
51755 Icce 17 248 148800
41078 Icce 18A 80 48000
33003 Icce 18B 80 48000
16830 Icce 18C 80 48000
65422 Icce 19 242 145200
90356 Icce 20 100 80000
83904 Icce 21 245 196000
24980 Icce 22 272 217600
73850 Icce 23 255 204000
74143 Icce 24 125 100000
59801 Keszeg 1A 88 70400
59801 Keszeg 1B 88 70400
73011 Keszeg 2A 88 70400
79963 Keszeg 2B 88 70400
59801 Keszeg 3A 88 70400
59801 Keszeg 3B 88 70400
46529 Keszeg 4A 88 70400
49650 Keszeg 4B 88 70400
59801 Keszeg 5A 88 70400
59801 Keszeg 5B 88 70400
62874 Keszeg 5C 88 70400
56569 Keszeg 6A 88 70400
31918 Keszeg 6B 88 70400
59801 Keszeg 7A 88 70400
59801 Keszeg 7B 88 70400
49774 Keszeg 8 44 35200
62766 Keszeg 9A 88 70400
57251 Keszeg 9B 88 70400
50005 Keszeg 10A 88 70400
11674 Keszeg 10B 88 70400
84449 Keszeg 11 80 64000
29437 Keszeg 12 214 171200
24131 Keszeg 14 299 239200
86885 Keszeg 16 227 181600
79197 Kolozsi 1 274 27400
87182 Kolozsi 2 131 13100
43476 Kolozsi 3 204 20400
67657 Kolozsi 4 160 16000
60981 Kolozsi 5 100 10000
50266 Kolozsi 6 279 27900
60989 Kolozsi 7 251 25100
10934 Kossuth 1 144 14400
73457 Kossuth 2 191 19100
97701 Kossuth 3 210 21000
22213 Kossuth 4 190 19000
57449 Kossuth 5 158 15800
49395 Kossuth 6 284 28400
79359 Kossuth 7 178 17800
68371 Kossuth 8 242 24200
70573 Kossuth 9 95 9500
15284 Kossuth 10 104 10400
53875 Kossuth 11 232 23200
96179 Kossuth 12 119 11900
97519 Kossuth 13 80 8000
13656 Kossuth 14 242 24200
29904 Kossuth 15 88 8800
34197 Kossuth 16 273 27300
29963 Kossuth 18 156 15600
95158 Kossuth 19 175 17500
11401 Kossuth 20 168 16800
71181 Kossuth 21 264 26400
39022 Kossuth 22 133 13300
56516 Kossuth 23 165 16500
17355 Kossuth 24 178 17800
82776 Kossuth 25A 120 12000
34093 Kossuth 25B 120 12000
10962 Kossuth 25C 120 12000
96094 Kossuth 26 181 18100
48154 Kossuth 27 299 29900
81752 Kossuth 29 79 7900
63774 Kurta 1 255 204000
96552 Kurta 2 48 28800
80018 Kurta 3 184 147200
12995 Malom 1 282 28200
53817 Malom 2 48 4800
18836 Malom 3 66 6600
86387 Malom 4 456 45600
38358 Malom 5 227 22700
40085 Malom 6 63 6300
19310 Malom 7 259 25900
80884 Malom 8 135 13500
82501 Malom 9 74 7400
49645 Malom 10 86 8600
86017 Malom 11 192 19200
69059 Malom 12 271 27100
67071 Malom 13 82 8200
72278 Malom 14 202 20200
24431 Malom 15 120 12000
88380 Malom 16 192 19200
68881 Malom 17 233 23300
85165 Malom 18 240 24000
90309 Malom 19 200 20000
82727 Malom 20 288 28800
75738 Malom 21 142 14200
61685 Malom 22 210 21000
81116 Malom 23 127 12700
21119 Malom 24 234 23400
41386 Malom 25 41 4100
44627 Malom 26 151 15100
53715 Malom 27 42 4200
44878 Malom 28 217 21700
63220 Malom 29 172 17200
44931 Malom 30 217 21700
45731 Malom 31 259 25900
47376 Malom 32 56 5600
67060 Malom 33 86 8600
97446 Malom 34 97 9700
55328 Malom 35 84 8400
23717 Malom 36 106 10600
52112 Malom 37 274 27400
96321 Malom 38 252 25200
71812 Malom 39 227 22700
45394 Malom 40 160 16000
93891 Malom 41 93 9300
60444 Malom 42 53 5300
29714 Malom 43 66 6600
18736 Miskolci 1 160 96000
47897 Miskolci 2 133 79800
26878 Miskolci 3A 120 72000
54530 Miskolci 3B 120 72000
91293 Miskolci 4 294 176400
54530 Miskolci 5A 120 72000
54530 Miskolci 5B 120 72000
39267 Miskolci 6 146 87600
60544 Miskolci 7A 160 96000
94228 Miskolci 7B 160 96000
18184 Miskolci 8 177 106200
61923 Miskolci 9 161 96600
31058 Miskolci 11 47 28200
47057 Miskolci 12A 160 96000
93671 Miskolci 12B 160 96000
11149 Miskolci 13 189 113400
66775 Miskolci 14 136 81600
26690 Miskolci 15 75 45000
25677 Miskolci 16 173 103800
37411 Miskolci 17 77 46200
18842 Miskolci 18 86 51600
59091 Miskolci 19 73 43800
29892 Miskolci 21 79 47400
36122 Miskolci 23 269 161400
66069 Miskolci 25 163 97800
11808 Nefelejcs 1 245 196000
18903 Nefelejcs 2 242 193600
63761 Nefelejcs 4 88 70400
82629 Nefelejcs 6 181 144800
35330 Nefelejcs 8 158 126400
37480 Nefelejcs 10 630 504000
92673 Nefelejcs 12 202 161600
25360 Nefelejcs 14 118 94400
52953 Nefelejcs 16 66 52800
77877 Nefelejcs 18 48 38400
67446 Nefelejcs 20 82 65600
73799 Nefelejcs 22 265 212000
61002 Nefelejcs 24 800 640000
63943 Nefelejcs 26 166 132800
91970 Nefelejcs 28 54 43200
50317 Nefelejcs 30 154 123200
33238 Nefelejcs 32 112 89600
97353 Nefelejcs 34 236 188800
62464 Nefelejcs 36 181 144800
34964 Nefelejcs 38 46 36800
65718 Nefelejcs 40 54 43200
53663 Nefelejcs 42 61 48800
48979 Nefelejcs 44 270 216000
49755 Nefelejcs 46 232 185600
26853 Nefelejcs 48 62 49600
71567 Nefelejcs 50 46 36800
45255 Nefelejcs 52 90 72000
51465 Nefelejcs 54 112 89600
63654 Nefelejcs 56 278 222400
27972 Ordacsehi 1A 100 60000
69990 Ordacsehi 1B 100 60000
71612 Ordacsehi 1C 100 60000
48240 Ordacsehi 1D 100 60000
27836 Ordacsehi 1E 100 60000
22336 Ordacsehi 1F 100 60000
12438 Ordacsehi 2 245 147000
83426 Ordacsehi 3 182 109200
97489 Ordacsehi 4 153 91800
21415 Ordacsehi 5 185 111000
21073 Ordacsehi 6A 100 60000
90734 Ordacsehi 6B 100 60000
15737 Ordacsehi 6C 100 60000
90136 Ordacsehi 7 286 171600
35678 Ordacsehi 8 72 43200
61287 Ordacsehi 9 159 95400
72401 Ordacsehi 10 53 31800
84515 Pesti 1 84 8400
12515 Pesti 2 141 14100
16264 Pesti 3 65 6500
71212 Pesti 4 209 20900
42017 Pesti 5 277 27700
48855 Pesti 6 152 15200
38696 Pesti 7 91 9100
54530 Pesti 8 173 17300
53390 Pesti 9 86 8600
15918 Pesti 10 205 20500
68826 Pesti 11 234 23400
68468 Pesti 12 188 18800
34662 Pesti 13 109 10900
41770 Pesti 14 127 12700
74346 Pesti 15 297 29700
97993 Pesti 16 62 6200
44938 Pesti 17 197 19700
29207 Pesti 18 287 28700
94067 Pesti 19 286 28600
43266 Pesti 20 209 20900
63332 Pesti 21 44 4400
30777 Pesti 22 195 19500
19339 Pesti 23 273 27300
52699 Pesti 24 189 18900
56227 Pesti 25 281 28100
75622 Pesti 26 267 26700
42837 Pesti 27 226 22600
80181 Pesti 28 147 14700
90558 Pesti 29 224 22400
48105 Pesti 30 236 23600
12479 Pesti 31 278 27800
22075 Pesti 32 48 4800
85243 Pesti 33 92 9200
28430 Pesti 34 281 28100
21105 Pesti 35 102 10200
46543 Pesti 36 134 13400
21582 Pesti 37 218 21800
76160 Pesti 38 195 19500
25314 Pesti 39 71 7100
38551 Pesti 40 154 15400
10843 Pesti 41 116 11600
53090 Pesti 42 66 6600
61579 Pesti 43 265 26500
52447 Pesti 44 77 7700
64927 Pesti 45 100 10000
73098 Pesti 46 116 11600
30798 Pesti 47 185 18500
96368 Pesti 48 109 10900
62945 Pesti 49 253 25300
77670 Pesti 50 207 20700
14348 Pesti 51 55 5500
65543 Pesti 52 219 21900
41668 Pesti 53 180 18000
98196 Pesti 54 188 18800
42027 Pesti 55 180 18000
90127 Pesti 56 100 10000
64569 Pesti 57 64 6400
48271 Pesti 58 123 12300
69728 Pozsonyi 1 87 52200
58947 Pozsonyi 2 275 165000
10495 Pozsonyi 3A 120 72000
22887 Pozsonyi 3B 120 72000
88798 Pozsonyi 4 62 37200
10950 Pozsonyi 5 279 167400
46812 Pozsonyi 6 233 139800
42616 Pozsonyi 7 54 32400
75202 Pozsonyi 8 170 102000
55517 Pozsonyi 9 170 102000
55574 Pozsonyi 10 52 31200
13949 Pozsonyi 11A 60 36000
13949 Pozsonyi 11B 60 36000
87398 Pozsonyi 12 114 68400
93085 Pozsonyi 13A 60 36000
57698 Pozsonyi 13B 60 36000
61870 Pozsonyi 14 74 44400
58481 Pozsonyi 15 197 118200
64661 Pozsonyi 16 79 47400
59411 Pozsonyi 17A 120 72000
59411 Pozsonyi 17B 120 72000
25964 Pozsonyi 19 179 107400
41384 Rezeda 1 263 210400
39200 Rezeda 2 128 102400
93834 Rezeda 3 130 104000
90011 Rezeda 4 274 219200
54168 Rezeda 5 240 192000
54208 Rezeda 6 278 222400
37973 Rezeda 7 159 127200
52604 Rezeda 8 300 240000
51683 Rezeda 9 127 101600
68434 Rezeda 10 218 174400
84226 Rezeda 11 268 214400
42423 Rezeda 12 211 168800
57843 Rezeda 13 203 162400
73916 Rezeda 14 123 98400
69341 Rezeda 15 156 124800
81463 Rezeda 16 91 72800
44978 Rezeda 17 86 68800
53486 Rezeda 18 166 132800
24487 Rezeda 19 292 233600
75338 Rezeda 20 289 231200
33826 Rezeda 21 196 156800
92905 Rezeda 22 227 181600
39761 Rezeda 23 178 142400
33032 Rezeda 24A 67 40200
33032 Rezeda 24B 193 115800
89060 Rezeda 26 47 28200
47997 Sas 1 168 134400
27329 Sas 2 234 187200
54143 Sas 3 129 103200
23010 Sas 4 60 48000
60792 Sas 5 267 213600
97052 Sas 6 93 74400
77296 Sas 7 145 116000
33534 Sas 8 102 81600
77884 Sas 9 155 124000
74609 Sas 10 223 178400
58014 Sas 11 468 374400
14248 Sas 12 208 166400
26955 Sas 13 50 40000
78747 Sas 14 95 76000
26308 Szepesi 1 273 218400
74835 Szepesi 2 164 131200
61324 Szepesi 3A 153 91800
56788 Szepesi 3B 171 102600
26766 Szepesi 4 52 31200
57428 Szepesi 5 96 57600
93666 Szepesi 6 201 120600
87083 Szepesi 7 246 147600
75008 Szepesi 8 290 174000
30504 Szepesi 9 186 111600
33032 Szepesi 10 97 58200
98791 Szepesi 11 189 113400
33764 Szepesi 12 175 105000
74410 Szepesi 13 59 35400
19586 Szepesi 14 133 79800
98769 Szepesi 15A 120 72000
47371 Szepesi 15B 120 72000
23434 Szepesi 16A 120 72000
38792 Szepesi 16B 120 72000
68396 Szepesi 17 251 150600
88594 Szepesi 18 282 169200
63031 Szepesi 19 295 177000
90775 Szepesi 20 114 68400
34645 Szepesi 21 88 52800
66309 Szepesi 22 274 164400
15558 Szepesi 23 162 97200
31451 Temesi 1 209 20900
73683 Temesi 2A 100 10000
23008 Temesi 2B 100 10000
56492 Temesi 2C 100 10000
30863 Temesi 2D 100 10000
47751 Temesi 3 70 7000
54115 Temesi 4 169 16900
95826 Temesi 5A 100 10000
23231 Temesi 5B 100 10000
95645 Temesi 6 67 6700
25359 Temesi 7 48 4800
60493 Temesi 8 121 12100
13779 Temesi 9 62 6200
75797 Temesi 10 202 20200
86719 Temesi 11 173 17300
88414 Temesi 12 299 29900
83360 Temesi 13 154 15400
16549 Temesi 14 62 6200
33724 Temesi 15A 60 6000
33724 Temesi 15B 60 6000
33347 Temesi 16 86 8600
85862 Zsomboly 1 131 104800
46616 Zsomboly 2 102 81600
82966 Zsomboly 3 73 58400
87011 Zsomboly 4 143 114400
91002 Zsomboly 5 265 212000
86409 Zsomboly 6 298 238400
21252 Zsomboly 7 80 64000
61735 Zsomboly 8 203 162400
97812 Zsomboly 9 84 67200
37480 Zsomboly 10 812 649600
25820 Zsomboly 12 98 78400
95126 Zsomboly 14 47 37600
65000 Zsomboly 15 77 61600
67529 Zsomboly 16 154 123200
21824 Zsomboly 18 298 238400
12345 Zsomboly 20 134 107200
